77777777777777777777777777777777
70000000000000000000000000000007
70000000000000000000000000000007
70000000000000000000000000000007
70077777700000000000000777777007
70070000000000000000000000007007
70071122334466755766443322117007
70071122334466755766443322117007
70076644332211755711223344667007
70076644332211755711223344667007
70075555555555555555555555557007
70071122334466755766443322117007
70071122334466755766443322117007
70076644332211755711223344667007
70076644332211777711223344667007
70077777777777777777777777777007
70000000000000000000000000000007
70000000000000000000000000000007
70000000000000000000000000000007
77777777777777700777777777777777
